0      7.0
1     21.0
2     86.0
3    243.0
4    667.0
5   1389.0
6   2446.0
7   2937.0
8   3077.0
9   3065.0
10  2264.0
11  1683.0
12   849.0
13   531.0
14   458.0
15   128.0
16    57.0
17    38.0
18    13.0
19    27.0
20     2.0
21     6.0
22     0.0
23     6.0
24     0.0
[7.000e+00 2.100e+01 8.600e+01 2.430e+02 6.670e+02 1.389e+03 2.446e+03
 2.937e+03 3.077e+03 3.065e+03 2.264e+03 1.683e+03 8.490e+02 5.310e+02
 4.580e+02 1.280e+02 5.700e+01 3.800e+01 1.300e+01 2.700e+01 2.000e+00
 6.000e+00 0.000e+00 6.000e+00 0.000e+00]

Full file:

490000 2019-04-18 19:25:42.460500
           0
800     27.0
900     53.0
1000   138.0
1100   279.0
1200   511.0
1300   853.0
1400  1134.0
1500  1234.0
1600  1271.0
1700  1086.0
1800  1144.0
1900   545.0
2000   294.0
2100   182.0
2200    98.0
2300    70.0
2400    92.0
2500   112.0
2600    78.0
2700    58.0
2800    15.0

9274 unique players
